1 -0.00149965849656 0.00121847252846
2 -0.00103101521639 0.00121847252846
3 -0.000562371936212 0.00121847252846
4 -0.000281185968106 0.00121847252846
5 -0.00103101521639 0.000937286560353
6 -0.000562371936212 0.000937286560353
7 -0.000281185968106 0.000937286560353
8 -0.000562371936212 0.000656100592247
9 -0.000281185968106 0.000656100592247
10 -0.000281185968106 0.000374914624141
11 0.0 0.00121847252846
12 0.0 0.000937286560353
13 0.0 0.000656100592247
14 0.0 0.000374914624141
15 0.0 9.37286560353e-05
16  -0.000937286560353 0.00112474387242
17 -0.000656100592247 0.00121847252846
18 -0.000374914624141 0.00121847252846
19 -0.000187457312071 0.00121847252846
20 -0.000656100592247 0.000749829248282
21 -0.000374914624141 0.000749829248282
22 -9.37286560353e-05 0.000749829248282
23 -0.000374914624141 0.000562371936212
24 -9.37286560353e-05 0.000562371936212
25 -9.37286560353e-05 0.000281185968106
1 -0.00121847252846 -0.00149965849656
2 -0.00121847252846 -0.00103101521639
3 -0.00121847252846  -0.000562371936212
4 -0.00121847252846 -0.000281185968106
5 -0.000937286560353 -0.00103101521639
6 -0.000937286560353 -0.000562371936212
7 -0.000937286560353 -0.000281185968106
8 -0.000656100592247 -0.000562371936212 
9 -0.000656100592247 -0.000281185968106
10 -0.000374914624141  -0.000281185968106
11 -0.00121847252846 0.0
12 -0.000937286560353 0.0
13 -0.000656100592247 0.0
14 -0.000374914624141 0.0
15 -9.37286560353e-05 0.0
16  -0.00112474387242  -0.000937286560353
17 -0.00121847252846 -0.000656100592247
18 -0.00121847252846  -0.000374914624141
19 -0.00121847252846 -0.000187457312071
20 -0.000749829248282  -0.000656100592247
21 -0.000749829248282 -0.000374914624141
22 -0.000749829248282 -9.37286560353e-05
23 -0.000562371936212  -0.000374914624141
24 -0.000562371936212 -9.37286560353e-05
25 -0.000281185968106 -9.37286560353e-05
1 0.00149965849656 -0.00121847252846
2 0.00103101521639 -0.00121847252846
3 0.000562371936212 -0.00121847252846
4 0.000281185968106 -0.00121847252846
5 0.00103101521639 -0.000937286560353
6 0.000562371936212 -0.000937286560353
7 0.000281185968106 -0.000937286560353
8 0.000562371936212 -0.000656100592247
9 0.000281185968106 -0.000656100592247
10 0.000281185968106 -0.000374914624141
11 0.0 -0.00121847252846
12 0.0 -0.000937286560353
13 0.0 -0.000656100592247
14 0.0 -0.000374914624141
15 0.0 -9.37286560353e-05
16 0.000937286560353 -0.00112474387242
17 0.000656100592247 -0.00121847252846
18 0.000374914624141 -0.00121847252846
19 0.000187457312071 -0.00121847252846
20 0.000656100592247 -0.000749829248282
21 0.000374914624141 -0.000749829248282
22 9.37286560353e-05 -0.000749829248282
23 0.000374914624141 -0.000562371936212
24 9.37286560353e-05 -0.000562371936212
25 9.37286560353e-05 -0.000281185968106
1 0.00121847252846 0.00149965849656
2 0.00121847252846 0.00103101521639
3 0.00121847252846 0.000562371936212
4 0.00121847252846 0.000281185968106
5 0.000937286560353 0.00103101521639
6 0.000937286560353 0.000562371936212
7 0.000937286560353 0.000281185968106
8 0.000656100592247 0.000562371936212 
9 0.000656100592247 0.000281185968106
10 0.000374914624141 0.000281185968106
11 0.00121847252846 0.0
12 0.000937286560353 0.0
13 0.000656100592247 0.0
14 0.000374914624141 0.0
15 9.37286560353e-05 0.0
16 0.00112474387242  0.000937286560353
17 0.00121847252846 0.000656100592247
18 0.00121847252846 0.000374914624141
19 0.00121847252846 0.000187457312071
20 0.000749829248282 0.000656100592247
21 0.000749829248282 0.000374914624141
22 0.000749829248282 9.37286560353e-05
23 0.000562371936212 0.000374914624141
24 0.000562371936212 9.37286560353e-05
25 0.000281185968106 9.37286560353e-05
